0.015625,0.015625,0.179645,0.179645
0.046875,0.015625,0.179645,0.179645
0.078125,0.015625,0.179645,0.179645
0.109375,0.015625,0.179645,0.179645
0.140625,0.015625,0.179645,0.179645
0.171875,0.015625,0.179645,0.179645
0.203125,0.015625,0.179645,0.179645
0.234375,0.015625,0.179645,0.179645
0.265625,0.015625,0.179645,0.179645
0.296875,0.015625,0.179645,0.179645
0.328125,0.015625,0.179645,0.179645
0.359375,0.015625,0.179645,0.179645
0.390625,0.015625,0.179645,0.179645
0.421875,0.015625,0.179645,0.179645
0.453125,0.015625,0.179645,0.179645
0.484375,0.015625,0.179645,0.179645
0.515625,0.015625,0.179645,0.179645
0.546875,0.015625,0.179645,0.179645
0.578125,0.015625,0.179645,0.179645
0.609375,0.015625,0.179645,0.179645
0.640625,0.015625,0.179645,0.179645
0.671875,0.015625,0.179645,0.179645
0.703125,0.015625,0.179645,0.179645
0.734375,0.015625,0.179645,0.179645
0.765625,0.015625,0.179645,0.179645
0.796875,0.015625,0.179645,0.179645
0.828125,0.015625,0.179645,0.179645
0.859375,0.015625,0.179645,0.179645
0.890625,0.015625,0.179645,0.179645
0.921875,0.015625,0.179645,0.179645
0.953125,0.015625,0.179645,0.179645
0.984375,0.015625,0.179645,0.179645
0.015625,0.046875,0.179645,0.179645
0.046875,0.046875,0.179645,0.179645
0.078125,0.046875,0.179645,0.179645
0.109375,0.046875,0.179645,0.179645
0.140625,0.046875,0.179645,0.179645
0.171875,0.046875,0.179645,0.179645
0.203125,0.046875,0.179645,0.179645
0.234375,0.046875,0.179645,0.179645
0.265625,0.046875,0.179645,0.179645
0.296875,0.046875,0.179645,0.179645
0.328125,0.046875,0.179645,0.179645
0.359375,0.046875,0.179645,0.179645
0.390625,0.046875,0.179645,0.179645
0.421875,0.046875,0.179645,0.179645
0.453125,0.046875,0.179645,0.179645
0.484375,0.046875,0.179645,0.179645
0.515625,0.046875,0.179645,0.179645
0.546875,0.046875,0.179645,0.179645
0.578125,0.046875,0.179645,0.179645
0.609375,0.046875,0.179645,0.179645
0.640625,0.046875,0.179645,0.179645
0.671875,0.046875,0.179645,0.179645
0.703125,0.046875,0.179645,0.179645
0.734375,0.046875,0.179645,0.179645
0.765625,0.046875,0.179645,0.179645
0.796875,0.046875,0.179645,0.179645
0.828125,0.046875,0.179645,0.179645
0.859375,0.046875,0.179645,0.179645
0.890625,0.046875,0.179645,0.179645
0.921875,0.046875,0.179645,0.179645
0.953125,0.046875,0.179645,0.179645
0.984375,0.046875,0.179645,0.179645
0.015625,0.078125,0.179645,0.179645
0.046875,0.078125,0.179645,0.179645
0.078125,0.078125,0.179645,0.179645
0.109375,0.078125,0.179645,0.179645
0.140625,0.078125,0.179645,0.179645
0.171875,0.078125,0.179645,0.179645
0.203125,0.078125,0.179645,0.179645
0.234375,0.078125,0.179645,0.179645
0.265625,0.078125,0.179645,0.179645
0.296875,0.078125,0.179645,0.179645
0.328125,0.078125,0.179645,0.179645
0.359375,0.078125,0.179645,0.179645
0.390625,0.078125,0.179645,0.179645
0.421875,0.078125,0.179645,0.179645
0.453125,0.078125,0.179645,0.179645
0.484375,0.078125,0.179645,0.179645
0.515625,0.078125,0.179645,0.179645
0.546875,0.078125,0.179645,0.179645
0.578125,0.078125,0.179645,0.179645
0.609375,0.078125,0.179645,0.179645
0.640625,0.078125,0.179645,0.179645
0.671875,0.078125,0.179645,0.179645
0.703125,0.078125,0.179645,0.179645
0.734375,0.078125,0.179645,0.179645
0.765625,0.078125,0.179645,0.179645
0.796875,0.078125,0.179645,0.179645
0.828125,0.078125,0.179645,0.179645
0.859375,0.078125,0.179645,0.179645
0.890625,0.078125,0.179645,0.179645
0.921875,0.078125,0.179645,0.179645
0.953125,0.078125,0.179645,0.179645
0.984375,0.078125,0.179645,0.179645
0.015625,0.109375,0.179645,0.179645
0.046875,0.109375,0.179645,0.179645
0.078125,0.109375,0.179645,0.179645
0.109375,0.109375,0.179645,0.179645
0.140625,0.109375,0.179645,0.179645
0.171875,0.109375,0.179645,0.179645
0.203125,0.109375,0.179645,0.179645
0.234375,0.109375,0.179645,0.179645
0.265625,0.109375,0.179645,0.179645
0.296875,0.109375,0.179645,0.179645
0.328125,0.109375,0.179645,0.179645
0.359375,0.109375,0.179645,0.179645
0.390625,0.109375,0.179645,0.179645
0.421875,0.109375,0.179645,0.179645
0.453125,0.109375,0.179645,0.179645
0.484375,0.109375,0.179645,0.179645
0.515625,0.109375,0.179645,0.179645
0.546875,0.109375,0.179645,0.179645
0.578125,0.109375,0.179645,0.179645
0.609375,0.109375,0.179645,0.179645
0.640625,0.109375,0.179645,0.179645
0.671875,0.109375,0.179645,0.179645
0.703125,0.109375,0.179645,0.179645
0.734375,0.109375,0.179645,0.179645
0.765625,0.109375,0.179645,0.179645
0.796875,0.109375,0.179645,0.179645
0.828125,0.109375,0.179645,0.179645
0.859375,0.109375,0.179645,0.179645
0.890625,0.109375,0.179645,0.179645
0.921875,0.109375,0.179645,0.179645
0.953125,0.109375,0.179645,0.179645
0.984375,0.109375,0.179645,0.179645
0.015625,0.140625,0.179645,0.179645
0.046875,0.140625,0.179645,0.179645
0.078125,0.140625,0.179645,0.179645
0.109375,0.140625,0.179645,0.179645
0.140625,0.140625,0.179645,0.179645
0.171875,0.140625,0.179645,0.179645
0.203125,0.140625,0.179645,0.179645
0.234375,0.140625,0.179645,0.179645
0.265625,0.140625,0.179645,0.179645
0.296875,0.140625,0.179645,0.179645
0.328125,0.140625,0.179645,0.179645
0.359375,0.140625,0.179645,0.179645
0.390625,0.140625,0.179645,0.179645
0.421875,0.140625,0.179645,0.179645
0.453125,0.140625,0.179645,0.179645
0.484375,0.140625,0.179645,0.179645
0.515625,0.140625,0.179645,0.179645
0.546875,0.140625,0.179645,0.179645
0.578125,0.140625,0.179645,0.179645
0.609375,0.140625,0.179645,0.179645
0.640625,0.140625,0.179645,0.179645
0.671875,0.140625,0.179645,0.179645
0.703125,0.140625,0.179645,0.179645
0.734375,0.140625,0.179645,0.179645
0.765625,0.140625,0.179645,0.179645
0.796875,0.140625,0.179645,0.179645
0.828125,0.140625,0.179645,0.179645
0.859375,0.140625,0.179645,0.179645
0.890625,0.140625,0.179645,0.179645
0.921875,0.140625,0.179645,0.179645
0.953125,0.140625,0.179645,0.179645
0.984375,0.140625,0.179645,0.179645
0.015625,0.171875,0.179645,0.179645
0.046875,0.171875,0.179645,0.179645
0.078125,0.171875,0.179645,0.179645
0.109375,0.171875,0.179645,0.179645
0.140625,0.171875,0.179645,0.179645
0.171875,0.171875,0.179645,0.179645
0.203125,0.171875,0.179645,0.179645
0.234375,0.171875,0.179645,0.179645
0.265625,0.171875,0.179645,0.179645
0.296875,0.171875,0.179645,0.179645
0.328125,0.171875,0.179645,0.179645
0.359375,0.171875,0.179645,0.179645
0.390625,0.171875,0.179645,0.179645
0.421875,0.171875,0.179645,0.179645
0.453125,0.171875,0.179645,0.179645
0.484375,0.171875,0.179645,0.179645
0.515625,0.171875,0.179645,0.179645
0.546875,0.171875,0.179645,0.179645
0.578125,0.171875,0.179645,0.179645
0.609375,0.171875,0.179645,0.179645
0.640625,0.171875,0.179645,0.179645
0.671875,0.171875,0.179645,0.179645
0.703125,0.171875,0.179645,0.179645
0.734375,0.171875,0.179645,0.179645
0.765625,0.171875,0.179645,0.179645
0.796875,0.171875,0.179645,0.179645
0.828125,0.171875,0.179645,0.179645
0.859375,0.171875,0.179645,0.179645
0.890625,0.171875,0.179645,0.179645
0.921875,0.171875,0.179645,0.179645
0.953125,0.171875,0.179645,0.179645
0.984375,0.171875,0.179645,0.179645
0.015625,0.203125,0.179645,0.179645
0.046875,0.203125,0.179645,0.179645
0.078125,0.203125,0.179645,0.179645
0.109375,0.203125,0.179645,0.179645
0.140625,0.203125,0.179645,0.179645
0.171875,0.203125,0.179645,0.179645
0.203125,0.203125,0.179645,0.179645
0.234375,0.203125,0.179645,0.179645
0.265625,0.203125,0.179645,0.179645
0.296875,0.203125,0.179645,0.179645
0.328125,0.203125,0.179645,0.179645
0.359375,0.203125,0.179645,0.179645
0.390625,0.203125,0.179645,0.179645
0.421875,0.203125,0.179645,0.179645
0.453125,0.203125,0.179645,0.179645
0.484375,0.203125,0.179645,0.179645
0.515625,0.203125,0.179645,0.179645
0.546875,0.203125,0.179645,0.179645
0.578125,0.203125,0.179645,0.179645
0.609375,0.203125,0.179645,0.179645
0.640625,0.203125,0.179645,0.179645
0.671875,0.203125,0.179645,0.179645
0.703125,0.203125,0.179645,0.179645
0.734375,0.203125,0.179645,0.179645
0.765625,0.203125,0.179645,0.179645
0.796875,0.203125,0.179645,0.179645
0.828125,0.203125,0.179645,0.179645
0.859375,0.203125,0.179645,0.179645
0.890625,0.203125,0.179645,0.179645
0.921875,0.203125,0.179645,0.179645
0.953125,0.203125,0.179645,0.179645
0.984375,0.203125,0.179645,0.179645
0.015625,0.234375,0.179645,0.179645
0.046875,0.234375,0.179645,0.179645
0.078125,0.234375,0.179645,0.179645
0.109375,0.234375,0.179645,0.179645
0.140625,0.234375,0.179645,0.179645
0.171875,0.234375,0.179645,0.179645
0.203125,0.234375,0.179645,0.179645
0.234375,0.234375,0.179645,0.179645
0.265625,0.234375,0.179645,0.179645
0.296875,0.234375,0.179645,0.179645
0.328125,0.234375,0.179645,0.179645
0.359375,0.234375,0.179645,0.179645
0.390625,0.234375,0.179645,0.179645
0.421875,0.234375,0.179645,0.179645
0.453125,0.234375,0.179645,0.179645
0.484375,0.234375,0.179645,0.179645
0.515625,0.234375,0.179645,0.179645
0.546875,0.234375,0.179645,0.179645
0.578125,0.234375,0.179645,0.179645
0.609375,0.234375,0.179645,0.179645
0.640625,0.234375,0.179645,0.179645
0.671875,0.234375,0.179645,0.179645
0.703125,0.234375,0.179645,0.179645
0.734375,0.234375,0.179645,0.179645
0.765625,0.234375,0.179645,0.179645
0.796875,0.234375,0.179645,0.179645
0.828125,0.234375,0.179645,0.179645
0.859375,0.234375,0.179645,0.179645
0.890625,0.234375,0.179645,0.179645
0.921875,0.234375,0.179645,0.179645
0.953125,0.234375,0.179645,0.179645
0.984375,0.234375,0.179645,0.179645
0.015625,0.265625,0.179645,0.179645
0.046875,0.265625,0.179645,0.179645
0.078125,0.265625,0.179645,0.179645
0.109375,0.265625,0.179645,0.179645
0.140625,0.265625,0.179645,0.179645
0.171875,0.265625,0.179645,0.179645
0.203125,0.265625,0.179645,0.179645
0.234375,0.265625,0.179645,0.179645
0.265625,0.265625,0.179645,0.179645
0.296875,0.265625,0.179645,0.179645
0.328125,0.265625,0.179645,0.179645
0.359375,0.265625,0.179645,0.179645
0.390625,0.265625,0.179645,0.179645
0.421875,0.265625,0.179645,0.179645
0.453125,0.265625,0.179645,0.179645
0.484375,0.265625,0.179645,0.179645
0.515625,0.265625,0.179645,0.179645
0.546875,0.265625,0.179645,0.179645
0.578125,0.265625,0.179645,0.179645
0.609375,0.265625,0.179645,0.179645
0.640625,0.265625,0.179645,0.179645
0.671875,0.265625,0.179645,0.179645
0.703125,0.265625,0.179645,0.179645
0.734375,0.265625,0.179645,0.179645
0.765625,0.265625,0.179645,0.179645
0.796875,0.265625,0.179645,0.179645
0.828125,0.265625,0.179645,0.179645
0.859375,0.265625,0.179645,0.179645
0.890625,0.265625,0.179645,0.179645
0.921875,0.265625,0.179645,0.179645
0.953125,0.265625,0.179645,0.179645
0.984375,0.265625,0.179645,0.179645
0.015625,0.296875,0.179645,0.179645
0.046875,0.296875,0.179645,0.179645
0.078125,0.296875,0.179645,0.179645
0.109375,0.296875,0.179645,0.179645
0.140625,0.296875,0.179645,0.179645
0.171875,0.296875,0.179645,0.179645
0.203125,0.296875,0.179645,0.179645
0.234375,0.296875,0.179645,0.179645
0.265625,0.296875,0.179645,0.179645
0.296875,0.296875,0.179645,0.179645
0.328125,0.296875,0.179645,0.179645
0.359375,0.296875,0.179645,0.179645
0.390625,0.296875,0.179645,0.179645
0.421875,0.296875,0.179645,0.179645
0.453125,0.296875,0.179645,0.179645
0.484375,0.296875,0.179645,0.179645
0.515625,0.296875,0.179645,0.179645
0.546875,0.296875,0.179645,0.179645
0.578125,0.296875,0.179645,0.179645
0.609375,0.296875,0.179645,0.179645
0.640625,0.296875,0.179645,0.179645
0.671875,0.296875,0.179645,0.179645
0.703125,0.296875,0.179645,0.179645
0.734375,0.296875,0.179645,0.179645
0.765625,0.296875,0.179645,0.179645
0.796875,0.296875,0.179645,0.179645
0.828125,0.296875,0.179645,0.179645
0.859375,0.296875,0.179645,0.179645
0.890625,0.296875,0.179645,0.179645
0.921875,0.296875,0.179645,0.179645
0.953125,0.296875,0.179645,0.179645
0.984375,0.296875,0.179645,0.179645
0.015625,0.328125,0.179645,0.179645
0.046875,0.328125,0.179645,0.179645
0.078125,0.328125,0.179645,0.179645
0.109375,0.328125,0.179645,0.179645
0.140625,0.328125,0.179645,0.179645
0.171875,0.328125,0.179645,0.179645
0.203125,0.328125,0.179645,0.179645
0.234375,0.328125,0.179645,0.179645
0.265625,0.328125,0.179645,0.179645
0.296875,0.328125,0.179645,0.179645
0.328125,0.328125,0.179645,0.179645
0.359375,0.328125,0.179645,0.179645
0.390625,0.328125,0.179645,0.179645
0.421875,0.328125,0.179645,0.179645
0.453125,0.328125,0.179645,0.179645
0.484375,0.328125,0.179645,0.179645
0.515625,0.328125,0.179645,0.179645
0.546875,0.328125,0.179645,0.179645
0.578125,0.328125,0.179645,0.179645
0.609375,0.328125,0.179645,0.179645
0.640625,0.328125,0.179645,0.179645
0.671875,0.328125,0.179645,0.179645
0.703125,0.328125,0.179645,0.179645
0.734375,0.328125,0.179645,0.179645
0.765625,0.328125,0.179645,0.179645
0.796875,0.328125,0.179645,0.179645
0.828125,0.328125,0.179645,0.179645
0.859375,0.328125,0.179645,0.179645
0.890625,0.328125,0.179645,0.179645
0.921875,0.328125,0.179645,0.179645
0.953125,0.328125,0.179645,0.179645
0.984375,0.328125,0.179645,0.179645
0.015625,0.359375,0.179645,0.179645
0.046875,0.359375,0.179645,0.179645
0.078125,0.359375,0.179645,0.179645
0.109375,0.359375,0.179645,0.179645
0.140625,0.359375,0.179645,0.179645
0.171875,0.359375,0.179645,0.179645
0.203125,0.359375,0.179645,0.179645
0.234375,0.359375,0.179645,0.179645
0.265625,0.359375,0.179645,0.179645
0.296875,0.359375,0.179645,0.179645
0.328125,0.359375,0.179645,0.179645
0.359375,0.359375,0.179645,0.179645
0.390625,0.359375,0.179645,0.179645
0.421875,0.359375,0.179645,0.179645
0.453125,0.359375,0.179645,0.179645
0.484375,0.359375,0.179645,0.179645
0.515625,0.359375,0.179645,0.179645
0.546875,0.359375,0.179645,0.179645
0.578125,0.359375,0.179645,0.179645
0.609375,0.359375,0.179645,0.179645
0.640625,0.359375,0.179645,0.179645
0.671875,0.359375,0.179645,0.179645
0.703125,0.359375,0.179645,0.179645
0.734375,0.359375,0.179645,0.179645
0.765625,0.359375,0.179645,0.179645
0.796875,0.359375,0.179645,0.179645
0.828125,0.359375,0.179645,0.179645
0.859375,0.359375,0.179645,0.179645
0.890625,0.359375,0.179645,0.179645
0.921875,0.359375,0.179645,0.179645
0.953125,0.359375,0.179645,0.179645
0.984375,0.359375,0.179645,0.179645
0.015625,0.390625,0.179645,0.179645
0.046875,0.390625,0.179645,0.179645
0.078125,0.390625,0.179645,0.179645
0.109375,0.390625,0.179645,0.179645
0.140625,0.390625,0.179645,0.179645
0.171875,0.390625,0.179645,0.179645
0.203125,0.390625,0.179645,0.179645
0.234375,0.390625,0.179645,0.179645
0.265625,0.390625,0.179645,0.179645
0.296875,0.390625,0.179645,0.179645
0.328125,0.390625,0.179645,0.179645
0.359375,0.390625,0.179645,0.179645
0.390625,0.390625,0.179645,0.179645
0.421875,0.390625,0.179645,0.179645
0.453125,0.390625,0.179645,0.179645
0.484375,0.390625,0.179645,0.179645
0.515625,0.390625,0.179645,0.179645
0.546875,0.390625,0.179645,0.179645
0.578125,0.390625,0.179645,0.179645
0.609375,0.390625,0.179645,0.179645
0.640625,0.390625,0.179645,0.179645
0.671875,0.390625,0.179645,0.179645
0.703125,0.390625,0.179645,0.179645
0.734375,0.390625,0.179645,0.179645
0.765625,0.390625,0.179645,0.179645
0.796875,0.390625,0.179645,0.179645
0.828125,0.390625,0.179645,0.179645
0.859375,0.390625,0.179645,0.179645
0.890625,0.390625,0.179645,0.179645
0.921875,0.390625,0.179645,0.179645
0.953125,0.390625,0.179645,0.179645
0.984375,0.390625,0.179645,0.179645
0.015625,0.421875,0.179645,0.179645
0.046875,0.421875,0.179645,0.179645
0.078125,0.421875,0.179645,0.179645
0.109375,0.421875,0.179645,0.179645
0.140625,0.421875,0.179645,0.179645
0.171875,0.421875,0.179645,0.179645
0.203125,0.421875,0.179645,0.179645
0.234375,0.421875,0.179645,0.179645
0.265625,0.421875,0.179645,0.179645
0.296875,0.421875,0.179645,0.179645
0.328125,0.421875,0.179645,0.179645
0.359375,0.421875,0.179645,0.179645
0.390625,0.421875,0.179645,0.179645
0.421875,0.421875,0.179645,0.179645
0.453125,0.421875,0.179645,0.179645
0.484375,0.421875,0.179645,0.179645
0.515625,0.421875,0.179645,0.179645
0.546875,0.421875,0.179645,0.179645
0.578125,0.421875,0.179645,0.179645
0.609375,0.421875,0.179645,0.179645
0.640625,0.421875,0.179645,0.179645
0.671875,0.421875,0.179645,0.179645
0.703125,0.421875,0.179645,0.179645
0.734375,0.421875,0.179645,0.179645
0.765625,0.421875,0.179645,0.179645
0.796875,0.421875,0.179645,0.179645
0.828125,0.421875,0.179645,0.179645
0.859375,0.421875,0.179645,0.179645
0.890625,0.421875,0.179645,0.179645
0.921875,0.421875,0.179645,0.179645
0.953125,0.421875,0.179645,0.179645
0.984375,0.421875,0.179645,0.179645
0.015625,0.453125,0.179645,0.179645
0.046875,0.453125,0.179645,0.179645
0.078125,0.453125,0.179645,0.179645
0.109375,0.453125,0.179645,0.179645
0.140625,0.453125,0.179645,0.179645
0.171875,0.453125,0.179645,0.179645
0.203125,0.453125,0.179645,0.179645
0.234375,0.453125,0.179645,0.179645
0.265625,0.453125,0.179645,0.179645
0.296875,0.453125,0.179645,0.179645
0.328125,0.453125,0.179645,0.179645
0.359375,0.453125,0.179645,0.179645
0.390625,0.453125,0.179645,0.179645
0.421875,0.453125,0.179645,0.179645
0.453125,0.453125,0.179645,0.179645
0.484375,0.453125,0.179645,0.179645
0.515625,0.453125,0.179645,0.179645
0.546875,0.453125,0.179645,0.179645
0.578125,0.453125,0.179645,0.179645
0.609375,0.453125,0.179645,0.179645
0.640625,0.453125,0.179645,0.179645
0.671875,0.453125,0.179645,0.179645
0.703125,0.453125,0.179645,0.179645
0.734375,0.453125,0.179645,0.179645
0.765625,0.453125,0.179645,0.179645
0.796875,0.453125,0.179645,0.179645
0.828125,0.453125,0.179645,0.179645
0.859375,0.453125,0.179645,0.179645
0.890625,0.453125,0.179645,0.179645
0.921875,0.453125,0.179645,0.179645
0.953125,0.453125,0.179645,0.179645
0.984375,0.453125,0.179645,0.179645
0.015625,0.484375,0.179645,0.179645
0.046875,0.484375,0.179645,0.179645
0.078125,0.484375,0.179645,0.179645
0.109375,0.484375,0.179645,0.179645
0.140625,0.484375,0.179645,0.179645
0.171875,0.484375,0.179645,0.179645
0.203125,0.484375,0.179645,0.179645
0.234375,0.484375,0.179645,0.179645
0.265625,0.484375,0.179645,0.179645
0.296875,0.484375,0.179645,0.179645
0.328125,0.484375,0.179645,0.179645
0.359375,0.484375,0.179645,0.179645
0.390625,0.484375,0.179645,0.179645
0.421875,0.484375,0.179645,0.179645
0.453125,0.484375,0.179645,0.179645
0.484375,0.484375,0.179645,0.179645
0.515625,0.484375,0.179645,0.179645
0.546875,0.484375,0.179645,0.179645
0.578125,0.484375,0.179645,0.179645
0.609375,0.484375,0.179645,0.179645
0.640625,0.484375,0.179645,0.179645
0.671875,0.484375,0.179645,0.179645
0.703125,0.484375,0.179645,0.179645
0.734375,0.484375,0.179645,0.179645
0.765625,0.484375,0.179645,0.179645
0.796875,0.484375,0.179645,0.179645
0.828125,0.484375,0.179645,0.179645
0.859375,0.484375,0.179645,0.179645
0.890625,0.484375,0.179645,0.179645
0.921875,0.484375,0.179645,0.179645
0.953125,0.484375,0.179645,0.179645
0.984375,0.484375,0.179645,0.179645
0.015625,0.515625,0.179645,0.179645
0.046875,0.515625,0.179645,0.179645
0.078125,0.515625,0.179645,0.179645
0.109375,0.515625,0.179645,0.179645
0.140625,0.515625,0.179645,0.179645
0.171875,0.515625,0.179645,0.179645
0.203125,0.515625,0.179645,0.179645
0.234375,0.515625,0.179645,0.179645
0.265625,0.515625,0.179645,0.179645
0.296875,0.515625,0.179645,0.179645
0.328125,0.515625,0.179645,0.179645
0.359375,0.515625,0.179645,0.179645
0.390625,0.515625,0.179645,0.179645
0.421875,0.515625,0.179645,0.179645
0.453125,0.515625,0.179645,0.179645
0.484375,0.515625,0.179645,0.179645
0.515625,0.515625,0.179645,0.179645
0.546875,0.515625,0.179645,0.179645
0.578125,0.515625,0.179645,0.179645
0.609375,0.515625,0.179645,0.179645
0.640625,0.515625,0.179645,0.179645
0.671875,0.515625,0.179645,0.179645
0.703125,0.515625,0.179645,0.179645
0.734375,0.515625,0.179645,0.179645
0.765625,0.515625,0.179645,0.179645
0.796875,0.515625,0.179645,0.179645
0.828125,0.515625,0.179645,0.179645
0.859375,0.515625,0.179645,0.179645
0.890625,0.515625,0.179645,0.179645
0.921875,0.515625,0.179645,0.179645
0.953125,0.515625,0.179645,0.179645
0.984375,0.515625,0.179645,0.179645
0.015625,0.546875,0.179645,0.179645
0.046875,0.546875,0.179645,0.179645
0.078125,0.546875,0.179645,0.179645
0.109375,0.546875,0.179645,0.179645
0.140625,0.546875,0.179645,0.179645
0.171875,0.546875,0.179645,0.179645
0.203125,0.546875,0.179645,0.179645
0.234375,0.546875,0.179645,0.179645
0.265625,0.546875,0.179645,0.179645
0.296875,0.546875,0.179645,0.179645
0.328125,0.546875,0.179645,0.179645
0.359375,0.546875,0.179645,0.179645
0.390625,0.546875,0.179645,0.179645
0.421875,0.546875,0.179645,0.179645
0.453125,0.546875,0.179645,0.179645
0.484375,0.546875,0.179645,0.179645
0.515625,0.546875,0.179645,0.179645
0.546875,0.546875,0.179645,0.179645
0.578125,0.546875,0.179645,0.179645
0.609375,0.546875,0.179645,0.179645
0.640625,0.546875,0.179645,0.179645
0.671875,0.546875,0.179645,0.179645
0.703125,0.546875,0.179645,0.179645
0.734375,0.546875,0.179645,0.179645
0.765625,0.546875,0.179645,0.179645
0.796875,0.546875,0.179645,0.179645
0.828125,0.546875,0.179645,0.179645
0.859375,0.546875,0.179645,0.179645
0.890625,0.546875,0.179645,0.179645
0.921875,0.546875,0.179645,0.179645
0.953125,0.546875,0.179645,0.179645
0.984375,0.546875,0.179645,0.179645
0.015625,0.578125,0.179645,0.179645
0.046875,0.578125,0.179645,0.179645
0.078125,0.578125,0.179645,0.179645
0.109375,0.578125,0.179645,0.179645
0.140625,0.578125,0.179645,0.179645
0.171875,0.578125,0.179645,0.179645
0.203125,0.578125,0.179645,0.179645
0.234375,0.578125,0.179645,0.179645
0.265625,0.578125,0.179645,0.179645
0.296875,0.578125,0.179645,0.179645
0.328125,0.578125,0.179645,0.179645
0.359375,0.578125,0.179645,0.179645
0.390625,0.578125,0.179645,0.179645
0.421875,0.578125,0.179645,0.179645
0.453125,0.578125,0.179645,0.179645
0.484375,0.578125,0.179645,0.179645
0.515625,0.578125,0.179645,0.179645
0.546875,0.578125,0.179645,0.179645
0.578125,0.578125,0.179645,0.179645
0.609375,0.578125,0.179645,0.179645
0.640625,0.578125,0.179645,0.179645
0.671875,0.578125,0.179645,0.179645
0.703125,0.578125,0.179645,0.179645
0.734375,0.578125,0.179645,0.179645
0.765625,0.578125,0.179645,0.179645
0.796875,0.578125,0.179645,0.179645
0.828125,0.578125,0.179645,0.179645
0.859375,0.578125,0.179645,0.179645
0.890625,0.578125,0.179645,0.179645
0.921875,0.578125,0.179645,0.179645
0.953125,0.578125,0.179645,0.179645
0.984375,0.578125,0.179645,0.179645
0.015625,0.609375,0.179645,0.179645
0.046875,0.609375,0.179645,0.179645
0.078125,0.609375,0.179645,0.179645
0.109375,0.609375,0.179645,0.179645
0.140625,0.609375,0.179645,0.179645
0.171875,0.609375,0.179645,0.179645
0.203125,0.609375,0.179645,0.179645
0.234375,0.609375,0.179645,0.179645
0.265625,0.609375,0.179645,0.179645
0.296875,0.609375,0.179645,0.179645
0.328125,0.609375,0.179645,0.179645
0.359375,0.609375,0.179645,0.179645
0.390625,0.609375,0.179645,0.179645
0.421875,0.609375,0.179645,0.179645
0.453125,0.609375,0.179645,0.179645
0.484375,0.609375,0.179645,0.179645
0.515625,0.609375,0.179645,0.179645
0.546875,0.609375,0.179645,0.179645
0.578125,0.609375,0.179645,0.179645
0.609375,0.609375,0.179645,0.179645
0.640625,0.609375,0.179645,0.179645
0.671875,0.609375,0.179645,0.179645
0.703125,0.609375,0.179645,0.179645
0.734375,0.609375,0.179645,0.179645
0.765625,0.609375,0.179645,0.179645
0.796875,0.609375,0.179645,0.179645
0.828125,0.609375,0.179645,0.179645
0.859375,0.609375,0.179645,0.179645
0.890625,0.609375,0.179645,0.179645
0.921875,0.609375,0.179645,0.179645
0.953125,0.609375,0.179645,0.179645
0.984375,0.609375,0.179645,0.179645
0.015625,0.640625,0.179645,0.179645
0.046875,0.640625,0.179645,0.179645
0.078125,0.640625,0.179645,0.179645
0.109375,0.640625,0.179645,0.179645
0.140625,0.640625,0.179645,0.179645
0.171875,0.640625,0.179645,0.179645
0.203125,0.640625,0.179645,0.179645
0.234375,0.640625,0.179645,0.179645
0.265625,0.640625,0.179645,0.179645
0.296875,0.640625,0.179645,0.179645
0.328125,0.640625,0.179645,0.179645
0.359375,0.640625,0.179645,0.179645
0.390625,0.640625,0.179645,0.179645
0.421875,0.640625,0.179645,0.179645
0.453125,0.640625,0.179645,0.179645
0.484375,0.640625,0.179645,0.179645
0.515625,0.640625,0.179645,0.179645
0.546875,0.640625,0.179645,0.179645
0.578125,0.640625,0.179645,0.179645
0.609375,0.640625,0.179645,0.179645
0.640625,0.640625,0.179645,0.179645
0.671875,0.640625,0.179645,0.179645
0.703125,0.640625,0.179645,0.179645
0.734375,0.640625,0.179645,0.179645
0.765625,0.640625,0.179645,0.179645
0.796875,0.640625,0.179645,0.179645
0.828125,0.640625,0.179645,0.179645
0.859375,0.640625,0.179645,0.179645
0.890625,0.640625,0.179645,0.179645
0.921875,0.640625,0.179645,0.179645
0.953125,0.640625,0.179645,0.179645
0.984375,0.640625,0.179645,0.179645
0.015625,0.671875,0.179645,0.179645
0.046875,0.671875,0.179645,0.179645
0.078125,0.671875,0.179645,0.179645
0.109375,0.671875,0.179645,0.179645
0.140625,0.671875,0.179645,0.179645
0.171875,0.671875,0.179645,0.179645
0.203125,0.671875,0.179645,0.179645
0.234375,0.671875,0.179645,0.179645
0.265625,0.671875,0.179645,0.179645
0.296875,0.671875,0.179645,0.179645
0.328125,0.671875,0.179645,0.179645
0.359375,0.671875,0.179645,0.179645
0.390625,0.671875,0.179645,0.179645
0.421875,0.671875,0.179645,0.179645
0.453125,0.671875,0.179645,0.179645
0.484375,0.671875,0.179645,0.179645
0.515625,0.671875,0.179645,0.179645
0.546875,0.671875,0.179645,0.179645
0.578125,0.671875,0.179645,0.179645
0.609375,0.671875,0.179645,0.179645
0.640625,0.671875,0.179645,0.179645
0.671875,0.671875,0.179645,0.179645
0.703125,0.671875,0.179645,0.179645
0.734375,0.671875,0.179645,0.179645
0.765625,0.671875,0.179645,0.179645
0.796875,0.671875,0.179645,0.179645
0.828125,0.671875,0.179645,0.179645
0.859375,0.671875,0.179645,0.179645
0.890625,0.671875,0.179645,0.179645
0.921875,0.671875,0.179645,0.179645
0.953125,0.671875,0.179645,0.179645
0.984375,0.671875,0.179645,0.179645
0.015625,0.703125,0.179645,0.179645
0.046875,0.703125,0.179645,0.179645
0.078125,0.703125,0.179645,0.179645
0.109375,0.703125,0.179645,0.179645
0.140625,0.703125,0.179645,0.179645
0.171875,0.703125,0.179645,0.179645
0.203125,0.703125,0.179645,0.179645
0.234375,0.703125,0.179645,0.179645
0.265625,0.703125,0.179645,0.179645
0.296875,0.703125,0.179645,0.179645
0.328125,0.703125,0.179645,0.179645
0.359375,0.703125,0.179645,0.179645
0.390625,0.703125,0.179645,0.179645
0.421875,0.703125,0.179645,0.179645
0.453125,0.703125,0.179645,0.179645
0.484375,0.703125,0.179645,0.179645
0.515625,0.703125,0.179645,0.179645
0.546875,0.703125,0.179645,0.179645
0.578125,0.703125,0.179645,0.179645
0.609375,0.703125,0.179645,0.179645
0.640625,0.703125,0.179645,0.179645
0.671875,0.703125,0.179645,0.179645
0.703125,0.703125,0.179645,0.179645
0.734375,0.703125,0.179645,0.179645
0.765625,0.703125,0.179645,0.179645
0.796875,0.703125,0.179645,0.179645
0.828125,0.703125,0.179645,0.179645
0.859375,0.703125,0.179645,0.179645
0.890625,0.703125,0.179645,0.179645
0.921875,0.703125,0.179645,0.179645
0.953125,0.703125,0.179645,0.179645
0.984375,0.703125,0.179645,0.179645
0.015625,0.734375,0.179645,0.179645
0.046875,0.734375,0.179645,0.179645
0.078125,0.734375,0.179645,0.179645
0.109375,0.734375,0.179645,0.179645
0.140625,0.734375,0.179645,0.179645
0.171875,0.734375,0.179645,0.179645
0.203125,0.734375,0.179645,0.179645
0.234375,0.734375,0.179645,0.179645
0.265625,0.734375,0.179645,0.179645
0.296875,0.734375,0.179645,0.179645
0.328125,0.734375,0.179645,0.179645
0.359375,0.734375,0.179645,0.179645
0.390625,0.734375,0.179645,0.179645
0.421875,0.734375,0.179645,0.179645
0.453125,0.734375,0.179645,0.179645
0.484375,0.734375,0.179645,0.179645
0.515625,0.734375,0.179645,0.179645
0.546875,0.734375,0.179645,0.179645
0.578125,0.734375,0.179645,0.179645
0.609375,0.734375,0.179645,0.179645
0.640625,0.734375,0.179645,0.179645
0.671875,0.734375,0.179645,0.179645
0.703125,0.734375,0.179645,0.179645
0.734375,0.734375,0.179645,0.179645
0.765625,0.734375,0.179645,0.179645
0.796875,0.734375,0.179645,0.179645
0.828125,0.734375,0.179645,0.179645
0.859375,0.734375,0.179645,0.179645
0.890625,0.734375,0.179645,0.179645
0.921875,0.734375,0.179645,0.179645
0.953125,0.734375,0.179645,0.179645
0.984375,0.734375,0.179645,0.179645
0.015625,0.765625,0.179645,0.179645
0.046875,0.765625,0.179645,0.179645
0.078125,0.765625,0.179645,0.179645
0.109375,0.765625,0.179645,0.179645
0.140625,0.765625,0.179645,0.179645
0.171875,0.765625,0.179645,0.179645
0.203125,0.765625,0.179645,0.179645
0.234375,0.765625,0.179645,0.179645
0.265625,0.765625,0.179645,0.179645
0.296875,0.765625,0.179645,0.179645
0.328125,0.765625,0.179645,0.179645
0.359375,0.765625,0.179645,0.179645
0.390625,0.765625,0.179645,0.179645
0.421875,0.765625,0.179645,0.179645
0.453125,0.765625,0.179645,0.179645
0.484375,0.765625,0.179645,0.179645
0.515625,0.765625,0.179645,0.179645
0.546875,0.765625,0.179645,0.179645
0.578125,0.765625,0.179645,0.179645
0.609375,0.765625,0.179645,0.179645
0.640625,0.765625,0.179645,0.179645
0.671875,0.765625,0.179645,0.179645
0.703125,0.765625,0.179645,0.179645
0.734375,0.765625,0.179645,0.179645
0.765625,0.765625,0.179645,0.179645
0.796875,0.765625,0.179645,0.179645
0.828125,0.765625,0.179645,0.179645
0.859375,0.765625,0.179645,0.179645
0.890625,0.765625,0.179645,0.179645
0.921875,0.765625,0.179645,0.179645
0.953125,0.765625,0.179645,0.179645
0.984375,0.765625,0.179645,0.179645
0.015625,0.796875,0.179645,0.179645
0.046875,0.796875,0.179645,0.179645
0.078125,0.796875,0.179645,0.179645
0.109375,0.796875,0.179645,0.179645
0.140625,0.796875,0.179645,0.179645
0.171875,0.796875,0.179645,0.179645
0.203125,0.796875,0.179645,0.179645
0.234375,0.796875,0.179645,0.179645
0.265625,0.796875,0.179645,0.179645
0.296875,0.796875,0.179645,0.179645
0.328125,0.796875,0.179645,0.179645
0.359375,0.796875,0.179645,0.179645
0.390625,0.796875,0.179645,0.179645
0.421875,0.796875,0.179645,0.179645
0.453125,0.796875,0.179645,0.179645
0.484375,0.796875,0.179645,0.179645
0.515625,0.796875,0.179645,0.179645
0.546875,0.796875,0.179645,0.179645
0.578125,0.796875,0.179645,0.179645
0.609375,0.796875,0.179645,0.179645
0.640625,0.796875,0.179645,0.179645
0.671875,0.796875,0.179645,0.179645
0.703125,0.796875,0.179645,0.179645
0.734375,0.796875,0.179645,0.179645
0.765625,0.796875,0.179645,0.179645
0.796875,0.796875,0.179645,0.179645
0.828125,0.796875,0.179645,0.179645
0.859375,0.796875,0.179645,0.179645
0.890625,0.796875,0.179645,0.179645
0.921875,0.796875,0.179645,0.179645
0.953125,0.796875,0.179645,0.179645
0.984375,0.796875,0.179645,0.179645
0.015625,0.828125,0.179645,0.179645
0.046875,0.828125,0.179645,0.179645
0.078125,0.828125,0.179645,0.179645
0.109375,0.828125,0.179645,0.179645
0.140625,0.828125,0.179645,0.179645
0.171875,0.828125,0.179645,0.179645
0.203125,0.828125,0.179645,0.179645
0.234375,0.828125,0.179645,0.179645
0.265625,0.828125,0.179645,0.179645
0.296875,0.828125,0.179645,0.179645
0.328125,0.828125,0.179645,0.179645
0.359375,0.828125,0.179645,0.179645
0.390625,0.828125,0.179645,0.179645
0.421875,0.828125,0.179645,0.179645
0.453125,0.828125,0.179645,0.179645
0.484375,0.828125,0.179645,0.179645
0.515625,0.828125,0.179645,0.179645
0.546875,0.828125,0.179645,0.179645
0.578125,0.828125,0.179645,0.179645
0.609375,0.828125,0.179645,0.179645
0.640625,0.828125,0.179645,0.179645
0.671875,0.828125,0.179645,0.179645
0.703125,0.828125,0.179645,0.179645
0.734375,0.828125,0.179645,0.179645
0.765625,0.828125,0.179645,0.179645
0.796875,0.828125,0.179645,0.179645
0.828125,0.828125,0.179645,0.179645
0.859375,0.828125,0.179645,0.179645
0.890625,0.828125,0.179645,0.179645
0.921875,0.828125,0.179645,0.179645
0.953125,0.828125,0.179645,0.179645
0.984375,0.828125,0.179645,0.179645
0.015625,0.859375,0.179645,0.179645
0.046875,0.859375,0.179645,0.179645
0.078125,0.859375,0.179645,0.179645
0.109375,0.859375,0.179645,0.179645
0.140625,0.859375,0.179645,0.179645
0.171875,0.859375,0.179645,0.179645
0.203125,0.859375,0.179645,0.179645
0.234375,0.859375,0.179645,0.179645
0.265625,0.859375,0.179645,0.179645
0.296875,0.859375,0.179645,0.179645
0.328125,0.859375,0.179645,0.179645
0.359375,0.859375,0.179645,0.179645
0.390625,0.859375,0.179645,0.179645
0.421875,0.859375,0.179645,0.179645
0.453125,0.859375,0.179645,0.179645
0.484375,0.859375,0.179645,0.179645
0.515625,0.859375,0.179645,0.179645
0.546875,0.859375,0.179645,0.179645
0.578125,0.859375,0.179645,0.179645
0.609375,0.859375,0.179645,0.179645
0.640625,0.859375,0.179645,0.179645
0.671875,0.859375,0.179645,0.179645
0.703125,0.859375,0.179645,0.179645
0.734375,0.859375,0.179645,0.179645
0.765625,0.859375,0.179645,0.179645
0.796875,0.859375,0.179645,0.179645
0.828125,0.859375,0.179645,0.179645
0.859375,0.859375,0.179645,0.179645
0.890625,0.859375,0.179645,0.179645
0.921875,0.859375,0.179645,0.179645
0.953125,0.859375,0.179645,0.179645
0.984375,0.859375,0.179645,0.179645
0.015625,0.890625,0.179645,0.179645
0.046875,0.890625,0.179645,0.179645
0.078125,0.890625,0.179645,0.179645
0.109375,0.890625,0.179645,0.179645
0.140625,0.890625,0.179645,0.179645
0.171875,0.890625,0.179645,0.179645
0.203125,0.890625,0.179645,0.179645
0.234375,0.890625,0.179645,0.179645
0.265625,0.890625,0.179645,0.179645
0.296875,0.890625,0.179645,0.179645
0.328125,0.890625,0.179645,0.179645
0.359375,0.890625,0.179645,0.179645
0.390625,0.890625,0.179645,0.179645
0.421875,0.890625,0.179645,0.179645
0.453125,0.890625,0.179645,0.179645
0.484375,0.890625,0.179645,0.179645
0.515625,0.890625,0.179645,0.179645
0.546875,0.890625,0.179645,0.179645
0.578125,0.890625,0.179645,0.179645
0.609375,0.890625,0.179645,0.179645
0.640625,0.890625,0.179645,0.179645
0.671875,0.890625,0.179645,0.179645
0.703125,0.890625,0.179645,0.179645
0.734375,0.890625,0.179645,0.179645
0.765625,0.890625,0.179645,0.179645
0.796875,0.890625,0.179645,0.179645
0.828125,0.890625,0.179645,0.179645
0.859375,0.890625,0.179645,0.179645
0.890625,0.890625,0.179645,0.179645
0.921875,0.890625,0.179645,0.179645
0.953125,0.890625,0.179645,0.179645
0.984375,0.890625,0.179645,0.179645
0.015625,0.921875,0.179645,0.179645
0.046875,0.921875,0.179645,0.179645
0.078125,0.921875,0.179645,0.179645
0.109375,0.921875,0.179645,0.179645
0.140625,0.921875,0.179645,0.179645
0.171875,0.921875,0.179645,0.179645
0.203125,0.921875,0.179645,0.179645
0.234375,0.921875,0.179645,0.179645
0.265625,0.921875,0.179645,0.179645
0.296875,0.921875,0.179645,0.179645
0.328125,0.921875,0.179645,0.179645
0.359375,0.921875,0.179645,0.179645
0.390625,0.921875,0.179645,0.179645
0.421875,0.921875,0.179645,0.179645
0.453125,0.921875,0.179645,0.179645
0.484375,0.921875,0.179645,0.179645
0.515625,0.921875,0.179645,0.179645
0.546875,0.921875,0.179645,0.179645
0.578125,0.921875,0.179645,0.179645
0.609375,0.921875,0.179645,0.179645
0.640625,0.921875,0.179645,0.179645
0.671875,0.921875,0.179645,0.179645
0.703125,0.921875,0.179645,0.179645
0.734375,0.921875,0.179645,0.179645
0.765625,0.921875,0.179645,0.179645
0.796875,0.921875,0.179645,0.179645
0.828125,0.921875,0.179645,0.179645
0.859375,0.921875,0.179645,0.179645
0.890625,0.921875,0.179645,0.179645
0.921875,0.921875,0.179645,0.179645
0.953125,0.921875,0.179645,0.179645
0.984375,0.921875,0.179645,0.179645
0.015625,0.953125,0.179645,0.179645
0.046875,0.953125,0.179645,0.179645
0.078125,0.953125,0.179645,0.179645
0.109375,0.953125,0.179645,0.179645
0.140625,0.953125,0.179645,0.179645
0.171875,0.953125,0.179645,0.179645
0.203125,0.953125,0.179645,0.179645
0.234375,0.953125,0.179645,0.179645
0.265625,0.953125,0.179645,0.179645
0.296875,0.953125,0.179645,0.179645
0.328125,0.953125,0.179645,0.179645
0.359375,0.953125,0.179645,0.179645
0.390625,0.953125,0.179645,0.179645
0.421875,0.953125,0.179645,0.179645
0.453125,0.953125,0.179645,0.179645
0.484375,0.953125,0.179645,0.179645
0.515625,0.953125,0.179645,0.179645
0.546875,0.953125,0.179645,0.179645
0.578125,0.953125,0.179645,0.179645
0.609375,0.953125,0.179645,0.179645
0.640625,0.953125,0.179645,0.179645
0.671875,0.953125,0.179645,0.179645
0.703125,0.953125,0.179645,0.179645
0.734375,0.953125,0.179645,0.179645
0.765625,0.953125,0.179645,0.179645
0.796875,0.953125,0.179645,0.179645
0.828125,0.953125,0.179645,0.179645
0.859375,0.953125,0.179645,0.179645
0.890625,0.953125,0.179645,0.179645
0.921875,0.953125,0.179645,0.179645
0.953125,0.953125,0.179645,0.179645
0.984375,0.953125,0.179645,0.179645
0.015625,0.984375,0.179645,0.179645
0.046875,0.984375,0.179645,0.179645
0.078125,0.984375,0.179645,0.179645
0.109375,0.984375,0.179645,0.179645
0.140625,0.984375,0.179645,0.179645
0.171875,0.984375,0.179645,0.179645
0.203125,0.984375,0.179645,0.179645
0.234375,0.984375,0.179645,0.179645
0.265625,0.984375,0.179645,0.179645
0.296875,0.984375,0.179645,0.179645
0.328125,0.984375,0.179645,0.179645
0.359375,0.984375,0.179645,0.179645
0.390625,0.984375,0.179645,0.179645
0.421875,0.984375,0.179645,0.179645
0.453125,0.984375,0.179645,0.179645
0.484375,0.984375,0.179645,0.179645
0.515625,0.984375,0.179645,0.179645
0.546875,0.984375,0.179645,0.179645
0.578125,0.984375,0.179645,0.179645
0.609375,0.984375,0.179645,0.179645
0.640625,0.984375,0.179645,0.179645
0.671875,0.984375,0.179645,0.179645
0.703125,0.984375,0.179645,0.179645
0.734375,0.984375,0.179645,0.179645
0.765625,0.984375,0.179645,0.179645
0.796875,0.984375,0.179645,0.179645
0.828125,0.984375,0.179645,0.179645
0.859375,0.984375,0.179645,0.179645
0.890625,0.984375,0.179645,0.179645
0.921875,0.984375,0.179645,0.179645
0.953125,0.984375,0.179645,0.179645
0.984375,0.984375,0.179645,0.179645
0.03125,0.03125,0.275391,0.275391
0.03125,0.03125,0.345554,0.345554
0.09375,0.03125,0.275391,0.275391
0.09375,0.03125,0.345554,0.345554
0.15625,0.03125,0.275391,0.275391
0.15625,0.03125,0.345554,0.345554
0.21875,0.03125,0.275391,0.275391
0.21875,0.03125,0.345554,0.345554
0.28125,0.03125,0.275391,0.275391
0.28125,0.03125,0.345554,0.345554
0.34375,0.03125,0.275391,0.275391
0.34375,0.03125,0.345554,0.345554
0.40625,0.03125,0.275391,0.275391
0.40625,0.03125,0.345554,0.345554
0.46875,0.03125,0.275391,0.275391
0.46875,0.03125,0.345554,0.345554
0.53125,0.03125,0.275391,0.275391
0.53125,0.03125,0.345554,0.345554
0.59375,0.03125,0.275391,0.275391
0.59375,0.03125,0.345554,0.345554
0.65625,0.03125,0.275391,0.275391
0.65625,0.03125,0.345554,0.345554
0.71875,0.03125,0.275391,0.275391
0.71875,0.03125,0.345554,0.345554
0.78125,0.03125,0.275391,0.275391
0.78125,0.03125,0.345554,0.345554
0.84375,0.03125,0.275391,0.275391
0.84375,0.03125,0.345554,0.345554
0.90625,0.03125,0.275391,0.275391
0.90625,0.03125,0.345554,0.345554
0.96875,0.03125,0.275391,0.275391
0.96875,0.03125,0.345554,0.345554
0.03125,0.09375,0.275391,0.275391
0.03125,0.09375,0.345554,0.345554
0.09375,0.09375,0.275391,0.275391
0.09375,0.09375,0.345554,0.345554
0.15625,0.09375,0.275391,0.275391
0.15625,0.09375,0.345554,0.345554
0.21875,0.09375,0.275391,0.275391
0.21875,0.09375,0.345554,0.345554
0.28125,0.09375,0.275391,0.275391
0.28125,0.09375,0.345554,0.345554
0.34375,0.09375,0.275391,0.275391
0.34375,0.09375,0.345554,0.345554
0.40625,0.09375,0.275391,0.275391
0.40625,0.09375,0.345554,0.345554
0.46875,0.09375,0.275391,0.275391
0.46875,0.09375,0.345554,0.345554
0.53125,0.09375,0.275391,0.275391
0.53125,0.09375,0.345554,0.345554
0.59375,0.09375,0.275391,0.275391
0.59375,0.09375,0.345554,0.345554
0.65625,0.09375,0.275391,0.275391
0.65625,0.09375,0.345554,0.345554
0.71875,0.09375,0.275391,0.275391
0.71875,0.09375,0.345554,0.345554
0.78125,0.09375,0.275391,0.275391
0.78125,0.09375,0.345554,0.345554
0.84375,0.09375,0.275391,0.275391
0.84375,0.09375,0.345554,0.345554
0.90625,0.09375,0.275391,0.275391
0.90625,0.09375,0.345554,0.345554
0.96875,0.09375,0.275391,0.275391
0.96875,0.09375,0.345554,0.345554
0.03125,0.15625,0.275391,0.275391
0.03125,0.15625,0.345554,0.345554
0.09375,0.15625,0.275391,0.275391
0.09375,0.15625,0.345554,0.345554
0.15625,0.15625,0.275391,0.275391
0.15625,0.15625,0.345554,0.345554
0.21875,0.15625,0.275391,0.275391
0.21875,0.15625,0.345554,0.345554
0.28125,0.15625,0.275391,0.275391
0.28125,0.15625,0.345554,0.345554
0.34375,0.15625,0.275391,0.275391
0.34375,0.15625,0.345554,0.345554
0.40625,0.15625,0.275391,0.275391
0.40625,0.15625,0.345554,0.345554
0.46875,0.15625,0.275391,0.275391
0.46875,0.15625,0.345554,0.345554
0.53125,0.15625,0.275391,0.275391
0.53125,0.15625,0.345554,0.345554
0.59375,0.15625,0.275391,0.275391
0.59375,0.15625,0.345554,0.345554
0.65625,0.15625,0.275391,0.275391
0.65625,0.15625,0.345554,0.345554
0.71875,0.15625,0.275391,0.275391
0.71875,0.15625,0.345554,0.345554
0.78125,0.15625,0.275391,0.275391
0.78125,0.15625,0.345554,0.345554
0.84375,0.15625,0.275391,0.275391
0.84375,0.15625,0.345554,0.345554
0.90625,0.15625,0.275391,0.275391
0.90625,0.15625,0.345554,0.345554
0.96875,0.15625,0.275391,0.275391
0.96875,0.15625,0.345554,0.345554
0.03125,0.21875,0.275391,0.275391
0.03125,0.21875,0.345554,0.345554
0.09375,0.21875,0.275391,0.275391
0.09375,0.21875,0.345554,0.345554
0.15625,0.21875,0.275391,0.275391
0.15625,0.21875,0.345554,0.345554
0.21875,0.21875,0.275391,0.275391
0.21875,0.21875,0.345554,0.345554
0.28125,0.21875,0.275391,0.275391
0.28125,0.21875,0.345554,0.345554
0.34375,0.21875,0.275391,0.275391
0.34375,0.21875,0.345554,0.345554
0.40625,0.21875,0.275391,0.275391
0.40625,0.21875,0.345554,0.345554
0.46875,0.21875,0.275391,0.275391
0.46875,0.21875,0.345554,0.345554
0.53125,0.21875,0.275391,0.275391
0.53125,0.21875,0.345554,0.345554
0.59375,0.21875,0.275391,0.275391
0.59375,0.21875,0.345554,0.345554
0.65625,0.21875,0.275391,0.275391
0.65625,0.21875,0.345554,0.345554
0.71875,0.21875,0.275391,0.275391
0.71875,0.21875,0.345554,0.345554
0.78125,0.21875,0.275391,0.275391
0.78125,0.21875,0.345554,0.345554
0.84375,0.21875,0.275391,0.275391
0.84375,0.21875,0.345554,0.345554
0.90625,0.21875,0.275391,0.275391
0.90625,0.21875,0.345554,0.345554
0.96875,0.21875,0.275391,0.275391
0.96875,0.21875,0.345554,0.345554
0.03125,0.28125,0.275391,0.275391
0.03125,0.28125,0.345554,0.345554
0.09375,0.28125,0.275391,0.275391
0.09375,0.28125,0.345554,0.345554
0.15625,0.28125,0.275391,0.275391
0.15625,0.28125,0.345554,0.345554
0.21875,0.28125,0.275391,0.275391
0.21875,0.28125,0.345554,0.345554
0.28125,0.28125,0.275391,0.275391
0.28125,0.28125,0.345554,0.345554
0.34375,0.28125,0.275391,0.275391
0.34375,0.28125,0.345554,0.345554
0.40625,0.28125,0.275391,0.275391
0.40625,0.28125,0.345554,0.345554
0.46875,0.28125,0.275391,0.275391
0.46875,0.28125,0.345554,0.345554
0.53125,0.28125,0.275391,0.275391
0.53125,0.28125,0.345554,0.345554
0.59375,0.28125,0.275391,0.275391
0.59375,0.28125,0.345554,0.345554
0.65625,0.28125,0.275391,0.275391
0.65625,0.28125,0.345554,0.345554
0.71875,0.28125,0.275391,0.275391
0.71875,0.28125,0.345554,0.345554
0.78125,0.28125,0.275391,0.275391
0.78125,0.28125,0.345554,0.345554
0.84375,0.28125,0.275391,0.275391
0.84375,0.28125,0.345554,0.345554
0.90625,0.28125,0.275391,0.275391
0.90625,0.28125,0.345554,0.345554
0.96875,0.28125,0.275391,0.275391
0.96875,0.28125,0.345554,0.345554
0.03125,0.34375,0.275391,0.275391
0.03125,0.34375,0.345554,0.345554
0.09375,0.34375,0.275391,0.275391
0.09375,0.34375,0.345554,0.345554
0.15625,0.34375,0.275391,0.275391
0.15625,0.34375,0.345554,0.345554
0.21875,0.34375,0.275391,0.275391
0.21875,0.34375,0.345554,0.345554
0.28125,0.34375,0.275391,0.275391
0.28125,0.34375,0.345554,0.345554
0.34375,0.34375,0.275391,0.275391
0.34375,0.34375,0.345554,0.345554
0.40625,0.34375,0.275391,0.275391
0.40625,0.34375,0.345554,0.345554
0.46875,0.34375,0.275391,0.275391
0.46875,0.34375,0.345554,0.345554
0.53125,0.34375,0.275391,0.275391
0.53125,0.34375,0.345554,0.345554
0.59375,0.34375,0.275391,0.275391
0.59375,0.34375,0.345554,0.345554
0.65625,0.34375,0.275391,0.275391
0.65625,0.34375,0.345554,0.345554
0.71875,0.34375,0.275391,0.275391
0.71875,0.34375,0.345554,0.345554
0.78125,0.34375,0.275391,0.275391
0.78125,0.34375,0.345554,0.345554
0.84375,0.34375,0.275391,0.275391
0.84375,0.34375,0.345554,0.345554
0.90625,0.34375,0.275391,0.275391
0.90625,0.34375,0.345554,0.345554
0.96875,0.34375,0.275391,0.275391
0.96875,0.34375,0.345554,0.345554
0.03125,0.40625,0.275391,0.275391
0.03125,0.40625,0.345554,0.345554
0.09375,0.40625,0.275391,0.275391
0.09375,0.40625,0.345554,0.345554
0.15625,0.40625,0.275391,0.275391
0.15625,0.40625,0.345554,0.345554
0.21875,0.40625,0.275391,0.275391
0.21875,0.40625,0.345554,0.345554
0.28125,0.40625,0.275391,0.275391
0.28125,0.40625,0.345554,0.345554
0.34375,0.40625,0.275391,0.275391
0.34375,0.40625,0.345554,0.345554
0.40625,0.40625,0.275391,0.275391
0.40625,0.40625,0.345554,0.345554
0.46875,0.40625,0.275391,0.275391
0.46875,0.40625,0.345554,0.345554
0.53125,0.40625,0.275391,0.275391
0.53125,0.40625,0.345554,0.345554
0.59375,0.40625,0.275391,0.275391
0.59375,0.40625,0.345554,0.345554
0.65625,0.40625,0.275391,0.275391
0.65625,0.40625,0.345554,0.345554
0.71875,0.40625,0.275391,0.275391
0.71875,0.40625,0.345554,0.345554
0.78125,0.40625,0.275391,0.275391
0.78125,0.40625,0.345554,0.345554
0.84375,0.40625,0.275391,0.275391
0.84375,0.40625,0.345554,0.345554
0.90625,0.40625,0.275391,0.275391
0.90625,0.40625,0.345554,0.345554
0.96875,0.40625,0.275391,0.275391
0.96875,0.40625,0.345554,0.345554
0.03125,0.46875,0.275391,0.275391
0.03125,0.46875,0.345554,0.345554
0.09375,0.46875,0.275391,0.275391
0.09375,0.46875,0.345554,0.345554
0.15625,0.46875,0.275391,0.275391
0.15625,0.46875,0.345554,0.345554
0.21875,0.46875,0.275391,0.275391
0.21875,0.46875,0.345554,0.345554
0.28125,0.46875,0.275391,0.275391
0.28125,0.46875,0.345554,0.345554
0.34375,0.46875,0.275391,0.275391
0.34375,0.46875,0.345554,0.345554
0.40625,0.46875,0.275391,0.275391
0.40625,0.46875,0.345554,0.345554
0.46875,0.46875,0.275391,0.275391
0.46875,0.46875,0.345554,0.345554
0.53125,0.46875,0.275391,0.275391
0.53125,0.46875,0.345554,0.345554
0.59375,0.46875,0.275391,0.275391
0.59375,0.46875,0.345554,0.345554
0.65625,0.46875,0.275391,0.275391
0.65625,0.46875,0.345554,0.345554
0.71875,0.46875,0.275391,0.275391
0.71875,0.46875,0.345554,0.345554
0.78125,0.46875,0.275391,0.275391
0.78125,0.46875,0.345554,0.345554
0.84375,0.46875,0.275391,0.275391
0.84375,0.46875,0.345554,0.345554
0.90625,0.46875,0.275391,0.275391
0.90625,0.46875,0.345554,0.345554
0.96875,0.46875,0.275391,0.275391
0.96875,0.46875,0.345554,0.345554
0.03125,0.53125,0.275391,0.275391
0.03125,0.53125,0.345554,0.345554
0.09375,0.53125,0.275391,0.275391
0.09375,0.53125,0.345554,0.345554
0.15625,0.53125,0.275391,0.275391
0.15625,0.53125,0.345554,0.345554
0.21875,0.53125,0.275391,0.275391
0.21875,0.53125,0.345554,0.345554
0.28125,0.53125,0.275391,0.275391
0.28125,0.53125,0.345554,0.345554
0.34375,0.53125,0.275391,0.275391
0.34375,0.53125,0.345554,0.345554
0.40625,0.53125,0.275391,0.275391
0.40625,0.53125,0.345554,0.345554
0.46875,0.53125,0.275391,0.275391
0.46875,0.53125,0.345554,0.345554
0.53125,0.53125,0.275391,0.275391
0.53125,0.53125,0.345554,0.345554
0.59375,0.53125,0.275391,0.275391
0.59375,0.53125,0.345554,0.345554
0.65625,0.53125,0.275391,0.275391
0.65625,0.53125,0.345554,0.345554
0.71875,0.53125,0.275391,0.275391
0.71875,0.53125,0.345554,0.345554
0.78125,0.53125,0.275391,0.275391
0.78125,0.53125,0.345554,0.345554
0.84375,0.53125,0.275391,0.275391
0.84375,0.53125,0.345554,0.345554
0.90625,0.53125,0.275391,0.275391
0.90625,0.53125,0.345554,0.345554
0.96875,0.53125,0.275391,0.275391
0.96875,0.53125,0.345554,0.345554
0.03125,0.59375,0.275391,0.275391
0.03125,0.59375,0.345554,0.345554
0.09375,0.59375,0.275391,0.275391
0.09375,0.59375,0.345554,0.345554
0.15625,0.59375,0.275391,0.275391
0.15625,0.59375,0.345554,0.345554
0.21875,0.59375,0.275391,0.275391
0.21875,0.59375,0.345554,0.345554
0.28125,0.59375,0.275391,0.275391
0.28125,0.59375,0.345554,0.345554
0.34375,0.59375,0.275391,0.275391
0.34375,0.59375,0.345554,0.345554
0.40625,0.59375,0.275391,0.275391
0.40625,0.59375,0.345554,0.345554
0.46875,0.59375,0.275391,0.275391
0.46875,0.59375,0.345554,0.345554
0.53125,0.59375,0.275391,0.275391
0.53125,0.59375,0.345554,0.345554
0.59375,0.59375,0.275391,0.275391
0.59375,0.59375,0.345554,0.345554
0.65625,0.59375,0.275391,0.275391
0.65625,0.59375,0.345554,0.345554
0.71875,0.59375,0.275391,0.275391
0.71875,0.59375,0.345554,0.345554
0.78125,0.59375,0.275391,0.275391
0.78125,0.59375,0.345554,0.345554
0.84375,0.59375,0.275391,0.275391
0.84375,0.59375,0.345554,0.345554
0.90625,0.59375,0.275391,0.275391
0.90625,0.59375,0.345554,0.345554
0.96875,0.59375,0.275391,0.275391
0.96875,0.59375,0.345554,0.345554
0.03125,0.65625,0.275391,0.275391
0.03125,0.65625,0.345554,0.345554
0.09375,0.65625,0.275391,0.275391
0.09375,0.65625,0.345554,0.345554
0.15625,0.65625,0.275391,0.275391
0.15625,0.65625,0.345554,0.345554
0.21875,0.65625,0.275391,0.275391
0.21875,0.65625,0.345554,0.345554
0.28125,0.65625,0.275391,0.275391
0.28125,0.65625,0.345554,0.345554
0.34375,0.65625,0.275391,0.275391
0.34375,0.65625,0.345554,0.345554
0.40625,0.65625,0.275391,0.275391
0.40625,0.65625,0.345554,0.345554
0.46875,0.65625,0.275391,0.275391
0.46875,0.65625,0.345554,0.345554
0.53125,0.65625,0.275391,0.275391
0.53125,0.65625,0.345554,0.345554
0.59375,0.65625,0.275391,0.275391
0.59375,0.65625,0.345554,0.345554
0.65625,0.65625,0.275391,0.275391
0.65625,0.65625,0.345554,0.345554
0.71875,0.65625,0.275391,0.275391
0.71875,0.65625,0.345554,0.345554
0.78125,0.65625,0.275391,0.275391
0.78125,0.65625,0.345554,0.345554
0.84375,0.65625,0.275391,0.275391
0.84375,0.65625,0.345554,0.345554
0.90625,0.65625,0.275391,0.275391
0.90625,0.65625,0.345554,0.345554
0.96875,0.65625,0.275391,0.275391
0.96875,0.65625,0.345554,0.345554
0.03125,0.71875,0.275391,0.275391
0.03125,0.71875,0.345554,0.345554
0.09375,0.71875,0.275391,0.275391
0.09375,0.71875,0.345554,0.345554
0.15625,0.71875,0.275391,0.275391
0.15625,0.71875,0.345554,0.345554
0.21875,0.71875,0.275391,0.275391
0.21875,0.71875,0.345554,0.345554
0.28125,0.71875,0.275391,0.275391
0.28125,0.71875,0.345554,0.345554
0.34375,0.71875,0.275391,0.275391
0.34375,0.71875,0.345554,0.345554
0.40625,0.71875,0.275391,0.275391
0.40625,0.71875,0.345554,0.345554
0.46875,0.71875,0.275391,0.275391
0.46875,0.71875,0.345554,0.345554
0.53125,0.71875,0.275391,0.275391
0.53125,0.71875,0.345554,0.345554
0.59375,0.71875,0.275391,0.275391
0.59375,0.71875,0.345554,0.345554
0.65625,0.71875,0.275391,0.275391
0.65625,0.71875,0.345554,0.345554
0.71875,0.71875,0.275391,0.275391
0.71875,0.71875,0.345554,0.345554
0.78125,0.71875,0.275391,0.275391
0.78125,0.71875,0.345554,0.345554
0.84375,0.71875,0.275391,0.275391
0.84375,0.71875,0.345554,0.345554
0.90625,0.71875,0.275391,0.275391
0.90625,0.71875,0.345554,0.345554
0.96875,0.71875,0.275391,0.275391
0.96875,0.71875,0.345554,0.345554
0.03125,0.78125,0.275391,0.275391
0.03125,0.78125,0.345554,0.345554
0.09375,0.78125,0.275391,0.275391
0.09375,0.78125,0.345554,0.345554
0.15625,0.78125,0.275391,0.275391
0.15625,0.78125,0.345554,0.345554
0.21875,0.78125,0.275391,0.275391
0.21875,0.78125,0.345554,0.345554
0.28125,0.78125,0.275391,0.275391
0.28125,0.78125,0.345554,0.345554
0.34375,0.78125,0.275391,0.275391
0.34375,0.78125,0.345554,0.345554
0.40625,0.78125,0.275391,0.275391
0.40625,0.78125,0.345554,0.345554
0.46875,0.78125,0.275391,0.275391
0.46875,0.78125,0.345554,0.345554
0.53125,0.78125,0.275391,0.275391
0.53125,0.78125,0.345554,0.345554
0.59375,0.78125,0.275391,0.275391
0.59375,0.78125,0.345554,0.345554
0.65625,0.78125,0.275391,0.275391
0.65625,0.78125,0.345554,0.345554
0.71875,0.78125,0.275391,0.275391
0.71875,0.78125,0.345554,0.345554
0.78125,0.78125,0.275391,0.275391
0.78125,0.78125,0.345554,0.345554
0.84375,0.78125,0.275391,0.275391
0.84375,0.78125,0.345554,0.345554
0.90625,0.78125,0.275391,0.275391
0.90625,0.78125,0.345554,0.345554
0.96875,0.78125,0.275391,0.275391
0.96875,0.78125,0.345554,0.345554
0.03125,0.84375,0.275391,0.275391
0.03125,0.84375,0.345554,0.345554
0.09375,0.84375,0.275391,0.275391
0.09375,0.84375,0.345554,0.345554
0.15625,0.84375,0.275391,0.275391
0.15625,0.84375,0.345554,0.345554
0.21875,0.84375,0.275391,0.275391
0.21875,0.84375,0.345554,0.345554
0.28125,0.84375,0.275391,0.275391
0.28125,0.84375,0.345554,0.345554
0.34375,0.84375,0.275391,0.275391
0.34375,0.84375,0.345554,0.345554
0.40625,0.84375,0.275391,0.275391
0.40625,0.84375,0.345554,0.345554
0.46875,0.84375,0.275391,0.275391
0.46875,0.84375,0.345554,0.345554
0.53125,0.84375,0.275391,0.275391
0.53125,0.84375,0.345554,0.345554
0.59375,0.84375,0.275391,0.275391
0.59375,0.84375,0.345554,0.345554
0.65625,0.84375,0.275391,0.275391
0.65625,0.84375,0.345554,0.345554
0.71875,0.84375,0.275391,0.275391
0.71875,0.84375,0.345554,0.345554
0.78125,0.84375,0.275391,0.275391
0.78125,0.84375,0.345554,0.345554
0.84375,0.84375,0.275391,0.275391
0.84375,0.84375,0.345554,0.345554
0.90625,0.84375,0.275391,0.275391
0.90625,0.84375,0.345554,0.345554
0.96875,0.84375,0.275391,0.275391
0.96875,0.84375,0.345554,0.345554
0.03125,0.90625,0.275391,0.275391
0.03125,0.90625,0.345554,0.345554
0.09375,0.90625,0.275391,0.275391
0.09375,0.90625,0.345554,0.345554
0.15625,0.90625,0.275391,0.275391
0.15625,0.90625,0.345554,0.345554
0.21875,0.90625,0.275391,0.275391
0.21875,0.90625,0.345554,0.345554
0.28125,0.90625,0.275391,0.275391
0.28125,0.90625,0.345554,0.345554
0.34375,0.90625,0.275391,0.275391
0.34375,0.90625,0.345554,0.345554
0.40625,0.90625,0.275391,0.275391
0.40625,0.90625,0.345554,0.345554
0.46875,0.90625,0.275391,0.275391
0.46875,0.90625,0.345554,0.345554
0.53125,0.90625,0.275391,0.275391
0.53125,0.90625,0.345554,0.345554
0.59375,0.90625,0.275391,0.275391
0.59375,0.90625,0.345554,0.345554
0.65625,0.90625,0.275391,0.275391
0.65625,0.90625,0.345554,0.345554
0.71875,0.90625,0.275391,0.275391
0.71875,0.90625,0.345554,0.345554
0.78125,0.90625,0.275391,0.275391
0.78125,0.90625,0.345554,0.345554
0.84375,0.90625,0.275391,0.275391
0.84375,0.90625,0.345554,0.345554
0.90625,0.90625,0.275391,0.275391
0.90625,0.90625,0.345554,0.345554
0.96875,0.90625,0.275391,0.275391
0.96875,0.90625,0.345554,0.345554
0.03125,0.96875,0.275391,0.275391
0.03125,0.96875,0.345554,0.345554
0.09375,0.96875,0.275391,0.275391
0.09375,0.96875,0.345554,0.345554
0.15625,0.96875,0.275391,0.275391
0.15625,0.96875,0.345554,0.345554
0.21875,0.96875,0.275391,0.275391
0.21875,0.96875,0.345554,0.345554
0.28125,0.96875,0.275391,0.275391
0.28125,0.96875,0.345554,0.345554
0.34375,0.96875,0.275391,0.275391
0.34375,0.96875,0.345554,0.345554
0.40625,0.96875,0.275391,0.275391
0.40625,0.96875,0.345554,0.345554
0.46875,0.96875,0.275391,0.275391
0.46875,0.96875,0.345554,0.345554
0.53125,0.96875,0.275391,0.275391
0.53125,0.96875,0.345554,0.345554
0.59375,0.96875,0.275391,0.275391
0.59375,0.96875,0.345554,0.345554
0.65625,0.96875,0.275391,0.275391
0.65625,0.96875,0.345554,0.345554
0.71875,0.96875,0.275391,0.275391
0.71875,0.96875,0.345554,0.345554
0.78125,0.96875,0.275391,0.275391
0.78125,0.96875,0.345554,0.345554
0.84375,0.96875,0.275391,0.275391
0.84375,0.96875,0.345554,0.345554
0.90625,0.96875,0.275391,0.275391
0.90625,0.96875,0.345554,0.345554
0.96875,0.96875,0.275391,0.275391
0.96875,0.96875,0.345554,0.345554
0.0625,0.0625,0.433594,0.433594
0.0625,0.0625,0.506556,0.506556
0.0625,0.0625,0.591797,0.591797
0.0625,0.0625,0.666219,0.666219
0.0625,0.0625,0.75,0.75
0.0625,0.0625,0.866025,0.866025
0.1875,0.0625,0.433594,0.433594
0.1875,0.0625,0.506556,0.506556
0.1875,0.0625,0.591797,0.591797
0.1875,0.0625,0.666219,0.666219
0.1875,0.0625,0.75,0.75
0.1875,0.0625,0.866025,0.866025
0.3125,0.0625,0.433594,0.433594
0.3125,0.0625,0.506556,0.506556
0.3125,0.0625,0.591797,0.591797
0.3125,0.0625,0.666219,0.666219
0.3125,0.0625,0.75,0.75
0.3125,0.0625,0.866025,0.866025
0.4375,0.0625,0.433594,0.433594
0.4375,0.0625,0.506556,0.506556
0.4375,0.0625,0.591797,0.591797
0.4375,0.0625,0.666219,0.666219
0.4375,0.0625,0.75,0.75
0.4375,0.0625,0.866025,0.866025
0.5625,0.0625,0.433594,0.433594
0.5625,0.0625,0.506556,0.506556
0.5625,0.0625,0.591797,0.591797
0.5625,0.0625,0.666219,0.666219
0.5625,0.0625,0.75,0.75
0.5625,0.0625,0.866025,0.866025
0.6875,0.0625,0.433594,0.433594
0.6875,0.0625,0.506556,0.506556
0.6875,0.0625,0.591797,0.591797
0.6875,0.0625,0.666219,0.666219
0.6875,0.0625,0.75,0.75
0.6875,0.0625,0.866025,0.866025
0.8125,0.0625,0.433594,0.433594
0.8125,0.0625,0.506556,0.506556
0.8125,0.0625,0.591797,0.591797
0.8125,0.0625,0.666219,0.666219
0.8125,0.0625,0.75,0.75
0.8125,0.0625,0.866025,0.866025
0.9375,0.0625,0.433594,0.433594
0.9375,0.0625,0.506556,0.506556
0.9375,0.0625,0.591797,0.591797
0.9375,0.0625,0.666219,0.666219
0.9375,0.0625,0.75,0.75
0.9375,0.0625,0.866025,0.866025
0.0625,0.1875,0.433594,0.433594
0.0625,0.1875,0.506556,0.506556
0.0625,0.1875,0.591797,0.591797
0.0625,0.1875,0.666219,0.666219
0.0625,0.1875,0.75,0.75
0.0625,0.1875,0.866025,0.866025
0.1875,0.1875,0.433594,0.433594
0.1875,0.1875,0.506556,0.506556
0.1875,0.1875,0.591797,0.591797
0.1875,0.1875,0.666219,0.666219
0.1875,0.1875,0.75,0.75
0.1875,0.1875,0.866025,0.866025
0.3125,0.1875,0.433594,0.433594
0.3125,0.1875,0.506556,0.506556
0.3125,0.1875,0.591797,0.591797
0.3125,0.1875,0.666219,0.666219
0.3125,0.1875,0.75,0.75
0.3125,0.1875,0.866025,0.866025
0.4375,0.1875,0.433594,0.433594
0.4375,0.1875,0.506556,0.506556
0.4375,0.1875,0.591797,0.591797
0.4375,0.1875,0.666219,0.666219
0.4375,0.1875,0.75,0.75
0.4375,0.1875,0.866025,0.866025
0.5625,0.1875,0.433594,0.433594
0.5625,0.1875,0.506556,0.506556
0.5625,0.1875,0.591797,0.591797
0.5625,0.1875,0.666219,0.666219
0.5625,0.1875,0.75,0.75
0.5625,0.1875,0.866025,0.866025
0.6875,0.1875,0.433594,0.433594
0.6875,0.1875,0.506556,0.506556
0.6875,0.1875,0.591797,0.591797
0.6875,0.1875,0.666219,0.666219
0.6875,0.1875,0.75,0.75
0.6875,0.1875,0.866025,0.866025
0.8125,0.1875,0.433594,0.433594
0.8125,0.1875,0.506556,0.506556
0.8125,0.1875,0.591797,0.591797
0.8125,0.1875,0.666219,0.666219
0.8125,0.1875,0.75,0.75
0.8125,0.1875,0.866025,0.866025
0.9375,0.1875,0.433594,0.433594
0.9375,0.1875,0.506556,0.506556
0.9375,0.1875,0.591797,0.591797
0.9375,0.1875,0.666219,0.666219
0.9375,0.1875,0.75,0.75
0.9375,0.1875,0.866025,0.866025
0.0625,0.3125,0.433594,0.433594
0.0625,0.3125,0.506556,0.506556
0.0625,0.3125,0.591797,0.591797
0.0625,0.3125,0.666219,0.666219
0.0625,0.3125,0.75,0.75
0.0625,0.3125,0.866025,0.866025
0.1875,0.3125,0.433594,0.433594
0.1875,0.3125,0.506556,0.506556
0.1875,0.3125,0.591797,0.591797
0.1875,0.3125,0.666219,0.666219
0.1875,0.3125,0.75,0.75
0.1875,0.3125,0.866025,0.866025
0.3125,0.3125,0.433594,0.433594
0.3125,0.3125,0.506556,0.506556
0.3125,0.3125,0.591797,0.591797
0.3125,0.3125,0.666219,0.666219
0.3125,0.3125,0.75,0.75
0.3125,0.3125,0.866025,0.866025
0.4375,0.3125,0.433594,0.433594
0.4375,0.3125,0.506556,0.506556
0.4375,0.3125,0.591797,0.591797
0.4375,0.3125,0.666219,0.666219
0.4375,0.3125,0.75,0.75
0.4375,0.3125,0.866025,0.866025
0.5625,0.3125,0.433594,0.433594
0.5625,0.3125,0.506556,0.506556
0.5625,0.3125,0.591797,0.591797
0.5625,0.3125,0.666219,0.666219
0.5625,0.3125,0.75,0.75
0.5625,0.3125,0.866025,0.866025
0.6875,0.3125,0.433594,0.433594
0.6875,0.3125,0.506556,0.506556
0.6875,0.3125,0.591797,0.591797
0.6875,0.3125,0.666219,0.666219
0.6875,0.3125,0.75,0.75
0.6875,0.3125,0.866025,0.866025
0.8125,0.3125,0.433594,0.433594
0.8125,0.3125,0.506556,0.506556
0.8125,0.3125,0.591797,0.591797
0.8125,0.3125,0.666219,0.666219
0.8125,0.3125,0.75,0.75
0.8125,0.3125,0.866025,0.866025
0.9375,0.3125,0.433594,0.433594
0.9375,0.3125,0.506556,0.506556
0.9375,0.3125,0.591797,0.591797
0.9375,0.3125,0.666219,0.666219
0.9375,0.3125,0.75,0.75
0.9375,0.3125,0.866025,0.866025
0.0625,0.4375,0.433594,0.433594
0.0625,0.4375,0.506556,0.506556
0.0625,0.4375,0.591797,0.591797
0.0625,0.4375,0.666219,0.666219
0.0625,0.4375,0.75,0.75
0.0625,0.4375,0.866025,0.866025
0.1875,0.4375,0.433594,0.433594
0.1875,0.4375,0.506556,0.506556
0.1875,0.4375,0.591797,0.591797
0.1875,0.4375,0.666219,0.666219
0.1875,0.4375,0.75,0.75
0.1875,0.4375,0.866025,0.866025
0.3125,0.4375,0.433594,0.433594
0.3125,0.4375,0.506556,0.506556
0.3125,0.4375,0.591797,0.591797
0.3125,0.4375,0.666219,0.666219
0.3125,0.4375,0.75,0.75
0.3125,0.4375,0.866025,0.866025
0.4375,0.4375,0.433594,0.433594
0.4375,0.4375,0.506556,0.506556
0.4375,0.4375,0.591797,0.591797
0.4375,0.4375,0.666219,0.666219
0.4375,0.4375,0.75,0.75
0.4375,0.4375,0.866025,0.866025
0.5625,0.4375,0.433594,0.433594
0.5625,0.4375,0.506556,0.506556
0.5625,0.4375,0.591797,0.591797
0.5625,0.4375,0.666219,0.666219
0.5625,0.4375,0.75,0.75
0.5625,0.4375,0.866025,0.866025
0.6875,0.4375,0.433594,0.433594
0.6875,0.4375,0.506556,0.506556
0.6875,0.4375,0.591797,0.591797
0.6875,0.4375,0.666219,0.666219
0.6875,0.4375,0.75,0.75
0.6875,0.4375,0.866025,0.866025
0.8125,0.4375,0.433594,0.433594
0.8125,0.4375,0.506556,0.506556
0.8125,0.4375,0.591797,0.591797
0.8125,0.4375,0.666219,0.666219
0.8125,0.4375,0.75,0.75
0.8125,0.4375,0.866025,0.866025
0.9375,0.4375,0.433594,0.433594
0.9375,0.4375,0.506556,0.506556
0.9375,0.4375,0.591797,0.591797
0.9375,0.4375,0.666219,0.666219
0.9375,0.4375,0.75,0.75
0.9375,0.4375,0.866025,0.866025
0.0625,0.5625,0.433594,0.433594
0.0625,0.5625,0.506556,0.506556
0.0625,0.5625,0.591797,0.591797
0.0625,0.5625,0.666219,0.666219
0.0625,0.5625,0.75,0.75
0.0625,0.5625,0.866025,0.866025
0.1875,0.5625,0.433594,0.433594
0.1875,0.5625,0.506556,0.506556
0.1875,0.5625,0.591797,0.591797
0.1875,0.5625,0.666219,0.666219
0.1875,0.5625,0.75,0.75
0.1875,0.5625,0.866025,0.866025
0.3125,0.5625,0.433594,0.433594
0.3125,0.5625,0.506556,0.506556
0.3125,0.5625,0.591797,0.591797
0.3125,0.5625,0.666219,0.666219
0.3125,0.5625,0.75,0.75
0.3125,0.5625,0.866025,0.866025
0.4375,0.5625,0.433594,0.433594
0.4375,0.5625,0.506556,0.506556
0.4375,0.5625,0.591797,0.591797
0.4375,0.5625,0.666219,0.666219
0.4375,0.5625,0.75,0.75
0.4375,0.5625,0.866025,0.866025
0.5625,0.5625,0.433594,0.433594
0.5625,0.5625,0.506556,0.506556
0.5625,0.5625,0.591797,0.591797
0.5625,0.5625,0.666219,0.666219
0.5625,0.5625,0.75,0.75
0.5625,0.5625,0.866025,0.866025
0.6875,0.5625,0.433594,0.433594
0.6875,0.5625,0.506556,0.506556
0.6875,0.5625,0.591797,0.591797
0.6875,0.5625,0.666219,0.666219
0.6875,0.5625,0.75,0.75
0.6875,0.5625,0.866025,0.866025
0.8125,0.5625,0.433594,0.433594
0.8125,0.5625,0.506556,0.506556
0.8125,0.5625,0.591797,0.591797
0.8125,0.5625,0.666219,0.666219
0.8125,0.5625,0.75,0.75
0.8125,0.5625,0.866025,0.866025
0.9375,0.5625,0.433594,0.433594
0.9375,0.5625,0.506556,0.506556
0.9375,0.5625,0.591797,0.591797
0.9375,0.5625,0.666219,0.666219
0.9375,0.5625,0.75,0.75
0.9375,0.5625,0.866025,0.866025
0.0625,0.6875,0.433594,0.433594
0.0625,0.6875,0.506556,0.506556
0.0625,0.6875,0.591797,0.591797
0.0625,0.6875,0.666219,0.666219
0.0625,0.6875,0.75,0.75
0.0625,0.6875,0.866025,0.866025
0.1875,0.6875,0.433594,0.433594
0.1875,0.6875,0.506556,0.506556
0.1875,0.6875,0.591797,0.591797
0.1875,0.6875,0.666219,0.666219
0.1875,0.6875,0.75,0.75
0.1875,0.6875,0.866025,0.866025
0.3125,0.6875,0.433594,0.433594
0.3125,0.6875,0.506556,0.506556
0.3125,0.6875,0.591797,0.591797
0.3125,0.6875,0.666219,0.666219
0.3125,0.6875,0.75,0.75
0.3125,0.6875,0.866025,0.866025
0.4375,0.6875,0.433594,0.433594
0.4375,0.6875,0.506556,0.506556
0.4375,0.6875,0.591797,0.591797
0.4375,0.6875,0.666219,0.666219
0.4375,0.6875,0.75,0.75
0.4375,0.6875,0.866025,0.866025
0.5625,0.6875,0.433594,0.433594
0.5625,0.6875,0.506556,0.506556
0.5625,0.6875,0.591797,0.591797
0.5625,0.6875,0.666219,0.666219
0.5625,0.6875,0.75,0.75
0.5625,0.6875,0.866025,0.866025
0.6875,0.6875,0.433594,0.433594
0.6875,0.6875,0.506556,0.506556
0.6875,0.6875,0.591797,0.591797
0.6875,0.6875,0.666219,0.666219
0.6875,0.6875,0.75,0.75
0.6875,0.6875,0.866025,0.866025
0.8125,0.6875,0.433594,0.433594
0.8125,0.6875,0.506556,0.506556
0.8125,0.6875,0.591797,0.591797
0.8125,0.6875,0.666219,0.666219
0.8125,0.6875,0.75,0.75
0.8125,0.6875,0.866025,0.866025
0.9375,0.6875,0.433594,0.433594
0.9375,0.6875,0.506556,0.506556
0.9375,0.6875,0.591797,0.591797
0.9375,0.6875,0.666219,0.666219
0.9375,0.6875,0.75,0.75
0.9375,0.6875,0.866025,0.866025
0.0625,0.8125,0.433594,0.433594
0.0625,0.8125,0.506556,0.506556
0.0625,0.8125,0.591797,0.591797
0.0625,0.8125,0.666219,0.666219
0.0625,0.8125,0.75,0.75
0.0625,0.8125,0.866025,0.866025
0.1875,0.8125,0.433594,0.433594
0.1875,0.8125,0.506556,0.506556
0.1875,0.8125,0.591797,0.591797
0.1875,0.8125,0.666219,0.666219
0.1875,0.8125,0.75,0.75
0.1875,0.8125,0.866025,0.866025
0.3125,0.8125,0.433594,0.433594
0.3125,0.8125,0.506556,0.506556
0.3125,0.8125,0.591797,0.591797
0.3125,0.8125,0.666219,0.666219
0.3125,0.8125,0.75,0.75
0.3125,0.8125,0.866025,0.866025
0.4375,0.8125,0.433594,0.433594
0.4375,0.8125,0.506556,0.506556
0.4375,0.8125,0.591797,0.591797
0.4375,0.8125,0.666219,0.666219
0.4375,0.8125,0.75,0.75
0.4375,0.8125,0.866025,0.866025
0.5625,0.8125,0.433594,0.433594
0.5625,0.8125,0.506556,0.506556
0.5625,0.8125,0.591797,0.591797
0.5625,0.8125,0.666219,0.666219
0.5625,0.8125,0.75,0.75
0.5625,0.8125,0.866025,0.866025
0.6875,0.8125,0.433594,0.433594
0.6875,0.8125,0.506556,0.506556
0.6875,0.8125,0.591797,0.591797
0.6875,0.8125,0.666219,0.666219
0.6875,0.8125,0.75,0.75
0.6875,0.8125,0.866025,0.866025
0.8125,0.8125,0.433594,0.433594
0.8125,0.8125,0.506556,0.506556
0.8125,0.8125,0.591797,0.591797
0.8125,0.8125,0.666219,0.666219
0.8125,0.8125,0.75,0.75
0.8125,0.8125,0.866025,0.866025
0.9375,0.8125,0.433594,0.433594
0.9375,0.8125,0.506556,0.506556
0.9375,0.8125,0.591797,0.591797
0.9375,0.8125,0.666219,0.666219
0.9375,0.8125,0.75,0.75
0.9375,0.8125,0.866025,0.866025
0.0625,0.9375,0.433594,0.433594
0.0625,0.9375,0.506556,0.506556
0.0625,0.9375,0.591797,0.591797
0.0625,0.9375,0.666219,0.666219
0.0625,0.9375,0.75,0.75
0.0625,0.9375,0.866025,0.866025
0.1875,0.9375,0.433594,0.433594
0.1875,0.9375,0.506556,0.506556
0.1875,0.9375,0.591797,0.591797
0.1875,0.9375,0.666219,0.666219
0.1875,0.9375,0.75,0.75
0.1875,0.9375,0.866025,0.866025
0.3125,0.9375,0.433594,0.433594
0.3125,0.9375,0.506556,0.506556
0.3125,0.9375,0.591797,0.591797
0.3125,0.9375,0.666219,0.666219
0.3125,0.9375,0.75,0.75
0.3125,0.9375,0.866025,0.866025
0.4375,0.9375,0.433594,0.433594
0.4375,0.9375,0.506556,0.506556
0.4375,0.9375,0.591797,0.591797
0.4375,0.9375,0.666219,0.666219
0.4375,0.9375,0.75,0.75
0.4375,0.9375,0.866025,0.866025
0.5625,0.9375,0.433594,0.433594
0.5625,0.9375,0.506556,0.506556
0.5625,0.9375,0.591797,0.591797
0.5625,0.9375,0.666219,0.666219
0.5625,0.9375,0.75,0.75
0.5625,0.9375,0.866025,0.866025
0.6875,0.9375,0.433594,0.433594
0.6875,0.9375,0.506556,0.506556
0.6875,0.9375,0.591797,0.591797
0.6875,0.9375,0.666219,0.666219
0.6875,0.9375,0.75,0.75
0.6875,0.9375,0.866025,0.866025
0.8125,0.9375,0.433594,0.433594
0.8125,0.9375,0.506556,0.506556
0.8125,0.9375,0.591797,0.591797
0.8125,0.9375,0.666219,0.666219
0.8125,0.9375,0.75,0.75
0.8125,0.9375,0.866025,0.866025
0.9375,0.9375,0.433594,0.433594
0.9375,0.9375,0.506556,0.506556
0.9375,0.9375,0.591797,0.591797
0.9375,0.9375,0.666219,0.666219
0.9375,0.9375,0.75,0.75
0.9375,0.9375,0.866025,0.866025
